433
436
438
439
442
443
445
446
447
448
449
452
454
455
458
1623
1637
1662
1664
1673
1682
1684
1685
1688
1689
1698
1699
1703
1720
1724
1732
1735
1736
1737
1745
1746
1747
1748
1749
1752
1753
1757
1758
1759
1764
1774
1776
1780
1790
1791
1792
1797
1798
1799
1800
1805
1810
1812
1833
1834
1836
1837
1845
1847
1848
1851
1852
1853
1855
1856
1858
1863
1873
1874
1890
1891
1904
1905
1906
1908
1909
1910
1911
1912
1913
1921
1923
1924
1936
1937
1938
1939
1940
1943
1944
1946
1955
1957
1961
1973
1977
1979
1980
1986
1994
1996
1998
